Size:16
Reference:0.104	30	0	0	1	0
Single-Thread:0.079	47	0	0	0	0
Multi-Thread:0.829	1474	105	21	174	16
Size:16
Reference:0.107	37	0	0	1	0
Single-Thread:0.08	43	0	0	0	0
Multi-Thread:0.831	1460	64	10	179	16
Size:4096
Reference:986309	30981154829	18278461380	311788	17350628081	0
Single-Thread:258387	11289280138	5115642215	179371	6813772779	40917
Multi-Thread:42577.9	1830	392	91	373	30
Size:8192
Reference:8.53959e+06	296909396809	133618051984	1529653	139736508512	0
Single-Thread:2.54942e+06	111809938682	52095504886	3581961	55496798295	32768
Multi-Thread:421384	1667	429	79	420	38
Size:16384
Reference:6.96837e+07	3066128786182	1853472881943	8174646	1124635108898	8337199
Single-Thread:2.34267e+07	964298579998	560174783506	16979372	464352673112	419786
Multi-Thread:3.45747e+06	1805	594	108	495	42
